Genepop 4.7.0
Allele frequency-based correlation (Fis, Fst, Fit)

One locus estimates following standard ANOVA as in Weir and Cockerham (1984)

File: microsatellite_geno_pop.txt (Individual_ID )

Number of populations detected : 11
Number of loci detected        : 9


  Locus: SSR1
---------------------------------
Pop       Genotypes:
          ------------------------------------------------------------------------------------------------------------------------------------------------------------------------------------------------------------------------------------------------
          7   1   9   11  7   11  13  11  13  15  13  17  15  13  15  
          7   9   11  11  13  13  13  15  15  15  17  17  19  23  27    Total

ND20      0   0   0   0   0   2   16  0   1   1   0   0   0   0   0      20
sha27     0   0   0   0   0   2   15  0   4   6   0   0   0   0   0      27
JX20      0   0   0   1   0   2   14  1   0   2   0   0   0   0   0      20
XG16      0   0   0   0   0   1   12  0   2   0   0   0   1   0   0      16
ZWY15     0   1   0   2   0   1   9   0   1   0   0   0   0   0   1      15
DHS24     0   0   0   1   0   2   12  0   5   3   1   0   0   0   0      24
HN20      0   0   0   0   0   2   11  0   4   1   0   1   0   1   0      20
SD20      1   0   1   1   0   3   6   1   1   4   0   0   0   0   0      18
NN19      0   0   0   0   5   8   3   0   3   0   0   0   0   0   0      19
DA19      0   0   0   12  0   5   0   1   0   1   0   0   0   0   0      19
WN10      0   0   0   9   0   1   0   0   0   0   0   0   0   0   0      10

Total:    1   1   1   26  5   29  98  3   21  18  1   1   1   1   1      208

Fis^= 0.310537
Fst^= 0.230495
Fit^= 0.469455
1-Qintra^= 0.307692 (gene diversity intra-individuals)
1-Qinter^= 0.446278 (gene diversity inter-individuals intra-pop)


  Locus: SSR2
---------------------------------
Pop       Genotypes:
          ------------------------------------------------------------------------------------------------------------------------------------------------------------------------------------------------------------------------------------------------
          1   17  19  3   19  21  23  17  19  21  23  25  19  21  23  25  27  23  27  29  17  19  23  25  31  13  17  19  25  31  33  17  19  25  29  31  33  35  17  19  25  27  31  33  35  37  17  21  25  29  31  35  37  39  29  31  33  37  39  41  35  37  39  41  35  39  35  39  41  45  47  35  37  49  29  49  51  35  51  31  33  55  35  55  
          1   17  19  23  23  23  23  25  25  25  25  25  27  27  27  27  27  29  29  29  31  31  31  31  31  33  33  33  33  33  33  35  35  35  35  35  35  35  37  37  37  37  37  37  37  37  39  39  39  39  39  39  39  39  41  41  41  41  41  41  43  43  43  43  45  45  47  47  47  47  47  49  49  49  51  51  51  53  53  55  55  55  57  57    Total

ND20      0   0   0   0   0   0   0   1   0   0   0   0   0   0   0   0   0   0   0   0   0   1   0   0   0   0   0   0   0   0   0   0   0   0   0   2   0   2   0   0   0   0   2   1   3   1   0   0   0   0   1   2   0   1   0   0   0   0   0   0   0   1   0   0   2   0   0   0   0   0   0   0   0   0   0   0   0   0   0   0   0   0   0   0      20
sha27     0   0   0   0   0   0   0   0   0   0   0   0   0   0   0   0   0   0   0   0   0   0   0   0   1   0   0   0   0   0   0   0   0   0   0   0   3   2   0   0   1   1   2   0   4   2   0   0   0   0   0   3   3   0   0   0   1   1   0   0   0   0   0   0   0   0   0   0   0   0   0   0   0   0   0   1   0   0   0   0   0   0   0   0      25
JX20      0   1   0   0   0   0   0   0   0   0   0   0   0   0   0   0   0   0   0   0   0   0   0   1   1   0   0   0   0   0   0   1   0   0   0   0   0   0   1   0   0   0   0   0   0   2   0   0   0   0   0   2   5   0   0   0   0   0   2   0   0   0   0   1   0   0   0   0   0   1   0   0   0   0   0   0   0   0   1   0   0   0   0   1      20
XG16      0   1   0   0   0   0   0   0   0   0   0   1   0   0   0   0   1   0   0   0   0   0   0   0   0   0   0   0   0   0   0   0   1   0   0   0   0   5   0   0   0   0   0   0   1   0   0   0   0   0   0   0   0   2   0   0   0   0   0   1   0   0   0   0   0   1   0   0   0   0   0   0   0   1   0   0   0   1   0   0   0   0   0   0      16
ZWY15     0   0   0   0   0   0   0   1   0   0   0   0   0   0   0   0   0   0   0   1   0   0   0   0   0   1   0   0   0   0   0   0   0   0   1   0   0   1   0   0   0   0   0   0   0   3   1   1   0   0   0   0   0   1   0   0   0   0   0   0   1   0   0   0   0   0   0   0   0   0   1   0   1   0   0   0   1   0   0   0   0   0   0   0      15
DHS24     0   0   0   0   0   0   0   0   0   0   0   2   0   0   0   0   0   0   0   1   0   0   0   0   0   0   0   0   0   0   0   0   0   0   0   0   0   0   0   1   0   0   0   0   1   1   0   0   1   0   0   0   3   3   0   0   1   2   0   0   0   0   1   2   0   1   2   0   1   0   0   0   0   0   0   0   0   0   0   0   1   0   0   0      24
HN20      0   0   1   0   0   0   0   0   1   1   0   0   0   0   0   0   0   0   0   0   0   0   0   0   0   0   0   0   0   1   0   0   1   1   0   0   0   0   0   0   1   2   0   0   1   1   0   0   0   2   0   0   0   0   0   2   0   0   0   1   0   0   0   0   0   0   0   0   1   0   0   1   0   0   0   0   0   0   0   1   0   0   1   0      20
SD20      0   0   0   0   0   0   0   0   0   0   0   0   0   0   0   0   0   0   0   0   0   0   0   0   2   0   1   1   0   0   0   0   1   0   0   0   0   1   0   0   0   0   2   0   1   1   1   0   0   0   0   1   1   1   0   0   0   1   0   0   0   0   0   0   0   0   0   1   0   0   0   0   0   0   1   0   0   0   0   0   0   1   0   0      18
NN19      1   0   0   1   2   1   4   0   0   0   0   0   0   0   0   0   0   1   0   0   0   0   3   1   0   0   0   0   0   0   1   0   0   0   0   0   0   0   0   0   0   0   0   0   2   0   0   0   0   0   0   0   0   0   1   0   0   0   1   0   0   0   0   0   0   0   0   0   0   0   0   0   0   0   0   0   0   0   0   0   0   0   0   0      19
DA19      0   0   0   0   0   0   1   0   0   0   1   2   0   0   1   1   1   2   1   1   1   0   1   1   1   0   0   0   1   0   0   0   0   0   0   0   0   1   0   0   0   0   0   0   0   0   0   0   1   0   0   0   0   0   0   0   0   0   0   0   0   0   0   0   0   0   0   0   0   0   0   0   0   0   0   0   0   0   0   0   0   0   0   0      18
WN10      0   0   0   0   0   1   0   0   0   0   1   3   1   1   0   0   0   0   1   1   0   0   0   1   0   0   0   0   0   0   0   0   0   0   0   0   0   0   0   0   0   0   0   0   0   0   0   0   0   0   0   0   0   0   0   0   0   0   0   0   0   0   0   0   0   0   0   0   0   0   0   0   0   0   0   0   0   0   0   0   0   0   0   0      10

Total:    1   2   1   1   2   2   5   2   1   1   2   8   1   1   1   1   2   3   2   4   1   1   4   4   5   1   1   1   1   1   1   1   3   1   1   2   3   12  1   1   2   3   6   1   13  11  2   1   2   2   1   8   12  8   1   2   2   4   3   2   1   1   1   3   2   2   2   1   2   1   1   1   1   1   1   1   1   1   1   1   1   1   1   1      205

Fis^= 0.212607
Fst^= 0.058403
Fit^= 0.258593
1-Qintra^= 0.678049 (gene diversity intra-individuals)
1-Qinter^= 0.861131 (gene diversity inter-individuals intra-pop)


  Locus: SSR3
---------------------------------
Pop       Genotypes:
          ------------------------------------------------------------------------------------------------------------------------------------------------------------------------------------------------------------------------------------------------
          1   3   5   5   5   7   9   11  5   3   15  5   15  19  21  7   23  19  25  33  21  13  37  39  25  37  41  37  39  41  43  37  41  43  45  41  43  45  47  33  37  43  45  47  49  33  37  41  43  47  49  51  37  41  43  47  49  51  53  41  43  45  47  53  55  37  41  43  45  47  49  51  57  43  45  41  45  59  55  
          3   5   5   7   9   9   11  13  15  17  17  21  21  21  21  23  23  25  25  33  35  37  37  39  41  41  41  43  43  43  43  45  45  45  45  47  47  47  47  49  49  49  49  49  49  51  51  51  51  51  51  51  53  53  53  53  53  53  53  55  55  55  55  55  55  57  57  57  57  57  57  57  57  59  59  61  61  61  65    Total

ND20      0   0   0   0   0   0   0   0   0   0   0   0   0   0   0   0   0   0   1   0   0   0   0   0   0   0   0   0   1   1   1   0   0   1   1   0   0   0   0   0   0   0   1   0   0   0   0   0   2   0   0   1   0   1   1   0   0   2   0   0   1   0   0   0   0   0   0   2   0   0   1   2   0   0   0   0   0   0   0      20
sha27     0   0   0   0   0   0   0   0   0   0   0   0   0   0   0   0   0   0   0   0   0   0   0   0   0   0   0   0   0   3   12  0   0   3   0   0   1   0   0   0   0   0   0   0   0   0   0   0   2   0   0   1   0   0   0   0   1   0   0   0   0   0   0   0   1   0   0   0   0   0   0   0   2   1   0   0   0   0   0      27
JX20      0   0   0   0   0   0   0   0   0   0   0   0   0   0   0   0   0   0   0   0   0   0   0   0   0   0   0   0   0   2   3   0   0   2   3   0   1   1   2   0   0   0   1   1   2   0   0   0   1   0   0   0   0   0   0   0   0   0   1   0   0   0   0   0   0   0   0   0   0   0   0   0   0   0   0   0   0   0   0      20
XG16      0   0   0   0   0   0   0   0   0   0   0   0   0   0   0   0   0   0   0   0   0   0   0   0   0   0   0   0   0   0   3   0   0   0   7   0   1   0   1   0   0   0   1   1   0   0   0   0   0   0   0   0   0   0   0   1   0   0   0   0   0   0   0   0   1   0   0   0   0   0   0   0   0   0   0   0   0   0   0      16
ZWY15     0   0   0   0   0   0   0   0   0   0   0   0   0   0   0   0   0   0   0   0   0   0   0   0   0   0   0   0   0   0   4   0   1   1   2   0   0   1   1   0   0   1   0   1   0   0   0   0   0   0   1   0   0   0   0   0   0   0   0   0   0   1   0   0   0   0   0   0   0   0   0   0   0   0   0   0   0   0   0      14
DHS24     2   1   0   4   1   2   1   1   0   0   0   0   0   0   0   0   0   0   0   0   0   0   0   0   1   1   0   0   0   1   1   0   1   1   1   0   1   0   0   0   0   0   0   0   0   0   0   0   0   0   0   0   0   0   0   0   0   0   0   0   0   0   0   0   0   1   1   0   0   1   0   0   0   0   0   0   0   0   1      24
HN20      0   0   0   0   0   0   0   0   0   0   0   0   0   0   0   0   0   0   0   0   0   0   0   0   0   0   0   0   1   1   1   0   0   1   2   1   2   4   2   0   0   0   0   0   0   0   0   0   0   0   0   0   0   0   1   0   1   0   1   0   0   1   0   0   0   0   0   0   0   0   0   0   0   0   0   1   0   0   0      20
SD20      0   0   1   0   0   0   0   0   0   1   0   0   0   0   0   0   0   0   0   0   0   0   0   0   0   0   0   0   0   0   0   0   0   2   2   0   0   1   1   1   0   0   0   0   1   1   0   0   3   0   1   1   0   0   0   0   0   0   0   1   0   0   1   0   0   0   0   0   0   0   0   0   0   0   0   0   0   0   0      18
NN19      0   0   0   0   0   0   0   0   0   0   0   0   0   0   0   0   0   0   0   0   0   0   0   0   0   0   0   0   0   1   1   0   1   4   2   0   0   1   0   0   0   0   0   0   0   0   0   1   0   0   0   0   0   0   0   0   0   0   0   0   0   0   0   1   0   0   0   0   1   0   0   3   0   0   0   0   2   1   0      19
DA19      0   0   0   0   0   0   0   0   1   0   1   1   1   1   1   1   1   1   0   0   1   1   0   2   0   0   1   1   0   0   0   1   0   0   0   0   0   0   0   0   0   0   0   0   0   0   0   0   0   1   0   0   0   0   0   0   0   0   0   0   0   0   0   0   1   0   0   0   0   0   0   0   0   0   1   0   0   0   0      19
WN10      0   0   0   0   0   0   0   0   0   0   0   0   0   0   0   0   0   0   0   1   0   0   2   0   0   0   0   0   0   0   0   1   0   0   0   0   0   0   0   0   1   0   0   0   0   0   1   0   0   0   1   0   1   0   0   0   0   0   0   0   0   0   0   0   1   0   0   0   0   0   0   0   1   0   0   0   0   0   0      10

Total:    2   1   1   4   1   2   1   1   1   1   1   1   1   1   1   1   1   1   1   1   1   1   2   2   1   1   1   1   2   9   26  2   3   15  20  1   6   8   7   1   1   1   3   3   3   1   1   1   8   1   3   3   1   1   2   1   2   2   2   1   1   2   1   1   4   1   1   2   1   1   1   5   3   1   1   1   2   1   1      207

Fis^= 0.242416
Fst^= 0.076968
Fit^= 0.300725
1-Qintra^= 0.623188 (gene diversity intra-individuals)
1-Qinter^= 0.822600 (gene diversity inter-individuals intra-pop)


  Locus: SSR4
---------------------------------
Pop       Genotypes:
          ------------------------------------------------------------------------------------------------------------------------------------------------------------------------------------------------------------------------------------------------
          3   3   5   3   5   7   1   3   5   7   9   3   7   9   11  7   9   13  3   7   9   11  13  15  5   9   17  11  13  15  23  
          3   5   5   7   7   7   9   9   9   9   9   11  11  11  11  13  13  13  15  15  15  15  15  15  17  17  17  19  19  19  23    Total

ND20      0   0   0   0   0   0   0   0   1   2   15  0   1   0   0   0   1   0   0   0   0   0   0   0   0   0   0   0   0   0   0      20
sha27     0   0   0   0   0   15  0   0   0   1   10  0   0   0   0   1   0   0   0   0   0   0   0   0   0   0   0   0   0   0   0      27
JX20      0   0   0   1   0   0   0   0   0   1   14  0   0   1   1   0   2   0   0   0   0   0   0   0   0   0   0   0   0   0   0      20
XG16      0   0   1   0   0   0   0   0   0   1   14  0   0   0   0   0   0   0   0   0   0   0   0   0   0   0   0   0   0   0   0      16
ZWY15     1   0   2   1   0   2   0   1   1   2   5   0   0   0   0   0   0   0   0   0   0   0   0   0   0   0   0   0   0   0   0      15
DHS24     1   1   4   2   4   3   1   0   2   4   2   0   0   0   0   0   0   0   0   0   0   0   0   0   0   0   0   0   0   0   0      24
HN20      0   1   0   2   2   2   0   0   0   3   5   0   0   1   0   0   2   1   0   0   0   0   0   0   1   0   0   0   0   0   0      20
SD20      0   0   0   2   1   0   0   0   0   1   12  0   0   0   0   0   1   0   0   0   0   0   0   0   0   0   0   0   0   0   0      17
NN19      1   1   1   0   1   2   0   0   3   6   2   1   0   0   0   0   0   0   1   0   0   0   0   0   0   0   0   0   0   0   0      19
DA19      0   0   0   0   0   1   0   0   0   0   2   0   0   0   1   0   0   3   0   1   1   1   2   1   0   1   1   1   1   1   1      19
WN10      0   0   0   0   0   3   0   0   0   3   4   0   0   0   0   0   0   0   0   0   0   0   0   0   0   0   0   0   0   0   0      10

Total:    3   3   8   8   8   28  1   1   7   24  85  1   1   2   2   1   6   4   1   1   1   1   2   1   1   1   1   1   1   1   1      207

Fis^= 0.368346
Fst^= 0.165388
Fit^= 0.472814
1-Qintra^= 0.357488 (gene diversity intra-individuals)
1-Qinter^= 0.565955 (gene diversity inter-individuals intra-pop)


  Locus: SSR5
---------------------------------
Pop       Genotypes:
          ------------------------------------------------------------------------------------------------------------------------------------------------------------------------------------------------------------------------------------------------
          1   17  19  21  1   21  23  23  25  21  23  25  27  21  23  25  27  29  23  27  29  35  
          1   21  21  21  23  23  23  25  25  27  27  27  27  29  29  29  29  29  31  31  31  43    Total

ND20      0   0   0   0   0   0   0   0   1   2   4   2   9   0   0   0   2   0   0   0   0   0      20
sha27     0   0   0   0   0   0   0   0   0   2   5   7   11  1   0   0   0   1   0   0   0   0      27
JX20      0   0   0   0   0   0   2   0   1   2   3   2   7   0   0   0   1   0   0   0   0   0      18
XG16      0   0   0   0   0   0   2   0   0   0   2   1   10  0   0   0   1   0   0   0   0   0      16
ZWY15     1   0   0   0   0   0   1   1   1   0   0   3   4   0   0   0   3   0   0   1   0   0      15
DHS24     0   0   0   1   0   0   0   1   0   0   2   3   16  0   0   1   0   0   0   0   0   0      24
HN20      0   1   0   0   2   0   1   0   0   0   4   2   10  0   0   0   0   0   0   0   0   0      20
SD20      2   0   0   0   0   0   1   0   0   0   3   1   8   0   1   0   1   1   0   0   0   0      18
NN19      0   0   1   0   0   0   0   0   0   0   3   3   9   0   0   0   0   1   0   0   1   1      19
DA19      0   0   0   1   0   0   8   4   1   0   1   0   2   0   0   0   0   0   1   0   0   0      18
WN10      0   0   0   0   0   1   2   3   2   0   0   1   0   0   0   0   0   1   0   0   0   0      10

Total:    3   1   1   2   2   1   17  9   6   6   27  25  86  1   1   1   8   4   1   1   1   1      205

Fis^= 0.233258
Fst^= 0.103447
Fit^= 0.312575
1-Qintra^= 0.424390 (gene diversity intra-individuals)
1-Qinter^= 0.553498 (gene diversity inter-individuals intra-pop)


  Locus: SSR6
---------------------------------
Pop       Genotypes:
          ------------------------------------------------------------------------------------------------------------------------------------------------------------------------------------------------------------------------------------------------
          1   9   9   11  11  13  1   11  
          1   9   11  11  13  13  15  15    Total

ND20      0   0   0   20  0   0   0   0      20
sha27     0   0   0   27  0   0   0   0      27
JX20      0   0   0   19  1   0   0   0      20
XG16      0   1   0   14  1   0   0   0      16
ZWY15     1   0   0   13  1   0   0   0      15
DHS24     0   0   1   22  1   0   0   0      24
HN20      0   0   0   20  0   0   0   0      20
SD20      5   0   0   11  1   0   1   0      18
NN19      0   0   0   19  0   0   0   0      19
DA19      0   0   0   18  0   1   0   0      19
WN10      0   0   0   9   0   0   0   1      10

Total:    6   1   1   192 5   1   1   1      208

Fis^= 0.621873
Fst^= 0.131471
Fit^= 0.671586
1-Qintra^= 0.038462 (gene diversity intra-individuals)
1-Qinter^= 0.101716 (gene diversity inter-individuals intra-pop)


  Locus: SSR7
---------------------------------
Pop       Genotypes:
          ------------------------------------------------------------------------------------------------------------------------------------------------------------------------------------------------------------------------------------------------
          1   3   45  45  47  45  47  49  47  49  51  47  49  51  53  49  51  53  55  51  53  55  57  51  53  47  51  55  61  63  
          1   3   45  47  47  49  49  49  51  51  51  53  53  53  53  55  55  55  55  57  57  57  57  59  59  61  61  61  61  65    Total

ND20      0   0   0   0   0   0   3   2   1   0   3   3   0   2   1   3   2   0   0   0   0   0   0   0   0   0   0   0   0   0      20
sha27     0   0   0   3   2   0   0   2   4   4   2   0   1   1   2   0   2   2   2   0   0   0   0   0   0   0   0   0   0   0      27
JX20      0   0   1   0   0   0   0   1   0   1   7   0   0   4   6   0   0   0   0   0   0   0   0   0   0   0   0   0   0   0      20
XG16      0   0   0   0   0   0   1   1   2   2   2   1   0   2   3   0   0   0   0   0   0   0   0   1   0   0   0   1   0   0      16
ZWY15     0   0   0   0   0   1   0   0   0   0   1   0   0   0   9   0   0   1   0   0   2   0   1   0   0   0   0   0   0   0      15
DHS24     0   0   0   0   0   0   0   1   0   1   11  0   0   0   5   0   2   0   2   1   0   0   0   0   0   0   0   0   0   0      23
HN20      0   0   0   0   0   0   0   3   0   0   10  1   2   3   1   0   0   0   0   0   0   0   0   0   0   0   0   0   0   0      20
SD20      1   1   0   0   1   0   1   1   1   2   2   1   2   1   0   0   0   0   1   0   1   0   0   0   0   1   1   0   0   0      18
NN19      0   0   0   0   0   0   0   0   0   0   0   0   0   1   17  0   0   1   0   0   0   0   0   0   0   0   0   0   0   0      19
DA19      0   0   0   0   0   0   0   1   0   4   6   0   3   1   1   1   0   1   0   0   0   0   0   0   0   0   0   0   0   0      18
WN10      0   0   0   0   0   0   0   0   0   0   0   0   0   0   3   0   0   0   1   0   0   1   0   0   1   0   1   0   2   1      10

Total:    1   1   1   3   3   1   5   12  8   14  44  6   8   15  48  4   6   5   6   1   3   1   1   1   1   1   2   1   2   1      206

Fis^= 0.362762
Fst^= 0.139196
Fit^= 0.451463
1-Qintra^= 0.422330 (gene diversity intra-individuals)
1-Qinter^= 0.662751 (gene diversity inter-individuals intra-pop)


  Locus: SSR8
---------------------------------
Pop       Genotypes:
          ------------------------------------------------------------------------------------------------------------------------------------------------------------------------------------------------------------------------------------------------
          13  13  15  11  15  17  19  17  13  15  17  23  25  15  17  27  17  27  15  17  21  31  1   15  25  15  25  29  33  39  15  17  29  17  25  41  29  41  43  43  47  15  49  15  39  47  51  61  63  39  47  71  61  
          13  15  15  17  17  17  19  21  25  25  25  25  25  27  27  27  29  29  31  31  31  31  33  33  33  35  37  39  39  39  41  41  41  43  43  43  45  45  45  47  47  49  49  51  51  51  51  61  63  67  67  71  75    Total

ND20      0   0   5   0   2   1   0   0   0   3   3   1   3   1   1   0   0   0   0   0   0   0   0   0   0   0   0   0   0   0   0   0   0   0   0   0   0   0   0   0   0   0   0   0   0   0   0   0   0   0   0   0   0      20
sha27     0   0   10  0   0   5   0   0   0   2   3   1   0   0   2   1   0   1   0   0   0   0   0   0   0   0   1   0   0   0   0   0   0   0   0   1   0   0   0   0   0   0   0   0   0   0   0   0   0   0   0   0   0      27
JX20      0   0   1   0   0   8   2   1   0   0   2   0   0   0   2   3   0   0   0   0   0   0   0   0   0   0   0   0   0   0   0   0   0   0   0   0   0   0   0   0   0   0   0   0   0   0   0   0   0   0   0   0   0      19
XG16      1   0   10  0   0   4   0   0   0   0   0   0   1   0   0   0   0   0   0   0   0   0   0   0   0   0   0   0   0   0   0   0   0   0   0   0   0   0   0   0   0   0   0   0   0   0   0   0   0   0   0   0   0      16
ZWY15     0   0   3   0   0   3   0   0   1   0   0   0   0   1   2   0   1   0   0   0   0   1   0   0   0   0   0   0   0   0   2   1   0   0   0   0   0   0   0   0   0   0   0   0   0   0   0   0   0   0   0   0   0      15
DHS24     0   0   13  0   4   2   0   0   0   1   0   0   0   0   1   0   0   0   0   1   0   0   0   1   0   0   0   0   0   0   0   0   0   0   0   0   0   0   0   0   0   0   0   0   0   0   0   0   0   0   0   0   0      23
HN20      0   0   8   1   0   2   0   0   0   2   1   0   0   0   0   0   0   0   0   0   0   0   0   0   0   1   0   0   0   0   0   0   0   0   1   0   0   0   0   1   0   1   0   2   0   0   0   0   0   0   0   0   0      20
SD20      0   0   4   0   0   9   0   0   0   2   0   0   0   0   0   0   1   0   0   0   1   0   0   0   0   0   0   0   0   0   0   0   0   0   0   0   0   0   0   0   0   0   0   0   0   0   1   0   0   0   0   0   0      18
NN19      0   3   6   0   1   1   1   0   0   1   0   1   1   2   0   0   0   0   1   0   0   0   0   0   1   0   0   0   0   0   0   0   0   0   0   0   0   0   0   0   0   0   0   0   0   0   0   0   0   0   0   0   0      19
DA19      0   0   0   0   0   0   0   0   0   0   0   0   0   0   0   0   0   0   0   0   0   0   1   0   0   0   0   1   0   0   0   0   1   1   0   0   1   0   2   0   1   0   1   0   0   1   1   4   1   1   0   1   1      19
WN10      0   0   0   0   0   0   0   0   0   0   0   0   0   0   0   0   0   0   0   0   0   0   0   0   0   0   0   0   1   1   1   0   1   0   0   0   0   1   0   0   0   0   3   0   1   0   0   0   0   0   1   0   0      10

Total:    1   3   60  1   7   35  3   1   1   11  9   3   5   4   8   4   2   1   1   1   1   1   1   1   1   1   1   1   1   1   3   1   2   1   1   1   1   1   2   1   1   1   4   2   1   1   2   4   1   1   1   1   1      206

Fis^= 0.427527
Fst^= 0.117344
Fit^= 0.494704
1-Qintra^= 0.402913 (gene diversity intra-individuals)
1-Qinter^= 0.703811 (gene diversity inter-individuals intra-pop)


  Locus: SSR9
---------------------------------
Pop       Genotypes:
          ------------------------------------------------------------------------------------------------------------------------------------------------------------------------------------------------------------------------------------------------
          1   1   3   5   1   5   7   3   5   7   9   5   7   9   11  5   7   15  7   41  47  51  
          1   5   5   5   7   7   7   9   9   9   9   11  11  11  11  13  13  17  21  47  47  51    Total

ND20      0   0   0   1   0   0   4   0   0   4   0   0   6   2   3   0   0   0   0   0   0   0      20
sha27     0   0   0   0   0   0   6   0   0   5   3   0   4   3   6   0   0   0   0   0   0   0      27
JX20      0   0   0   1   0   0   2   0   1   2   6   0   2   2   3   0   1   0   0   0   0   0      20
XG16      0   0   0   0   0   0   6   0   0   2   3   0   1   1   2   0   1   0   0   0   0   0      16
ZWY15     0   0   0   0   0   0   3   0   0   2   4   0   2   0   2   0   0   0   0   1   1   0      15
DHS24     0   0   0   1   0   2   5   2   0   1   3   3   5   0   1   1   0   0   0   0   0   0      24
HN20      0   0   0   1   0   0   1   0   1   1   1   2   3   2   6   0   0   0   0   0   0   0      18
SD20      0   0   0   0   0   1   2   0   0   1   3   0   3   3   2   0   0   0   0   0   1   1      17
NN19      0   0   1   0   0   5   3   0   0   3   3   0   2   2   0   0   0   0   0   0   0   0      19
DA19      0   1   0   4   1   1   7   0   0   0   1   0   0   0   0   0   1   1   2   0   0   0      19
WN10      1   0   0   1   0   0   8   0   0   0   0   0   0   0   0   0   0   0   0   0   0   0      10

Total:    1   1   1   9   1   9   47  2   2   21  27  5   28  15  25  1   3   1   2   1   2   1      205

Fis^= 0.349013
Fst^= 0.057728
Fit^= 0.386594
1-Qintra^= 0.453659 (gene diversity intra-individuals)
1-Qinter^= 0.696878 (gene diversity inter-individuals intra-pop)

Multilocus estimates for diploid data
Locus           Fwc(is)     Fwc(st)     Fwc(it)
------------    -------     -------     -------
SSR1             0.3105      0.2305      0.4695
SSR2             0.2126      0.0584      0.2586
SSR3             0.2424      0.0770      0.3007
SSR4             0.3683      0.1654      0.4728
SSR5             0.2333      0.1034      0.3126
SSR6             0.6219      0.1315      0.6716
SSR7             0.3628      0.1392      0.4515
SSR8             0.4275      0.1173      0.4947
SSR9             0.3490      0.0577      0.3866
           All:  0.3153      0.1133      0.3929
-----------------------------------------------
Normal ending.
