Individual ID,
SSR1(1-78), SSR2(1-141), SSR3(A34), SSR4(C25), SSR5(A99), SSR6(B30), SSR7(A80), SSR8(F17), SSR9(H33)
pop         
ND1 , 1313 3535 4153 0909 2727 1111 4749 1525 0709
ND2 , 1315 3545 4143 0909 2727 1111 4949 2325 1111
ND3 , 1313 3939 4357 0711 2727 1111 5153 2525 0911
ND4 , 1113 3537 5153 0909 2727 1111 4753 1717 0711
ND5 , 1313 3539 5153 0909 2727 1111 4751 2525 0711
ND6 , 1313 3135 4345 0909 2527 1111 5353 1527 0707
ND7 , 1313 3137 4351 0509 2727 1111 4955 1515 0709
ND8 , 1313 3535 3943 0909 2729 1111 5151 1517 1111
ND9 , 1313 3337 4353 0909 2727 1111 5151 1725 0707
ND10 , 1313 1725 2525 0909 2727 1111 5153 1515 0709
ND11 , 1313 3139 4351 0909 2327 1111 5151 1725 0707
ND12 , 1313 3137 4357 0909 2729 1111 4753 1515 0709
ND13 , 1313 3537 4355 0909 2327 1111 4749 1515 0711
ND14 , 1313 3743 5157 0909 2525 1111 4955 1525 0707
ND15 , 1113 3737 4545 0709 2327 1111 5155 1517 0711
ND16 , 1313 3539 5157 0909 2127 1111 4753 2525 0711
ND17 , 1313 3545 5151 0909 2527 1111 4749 1727 0911
ND18 , 1515 3135 4957 0709 2727 1111 4955 1525 0505
ND19 , 1313 1931 4549 0909 2127 1111 5155 1725 1111
ND20 , 1313 3537 4343 0913 2327 1111 4949 1515 0711
pop         
sha1 , 1313 3535 4343 0707 2327 1111 4951 1717 0909
sha2 , 1515 0000 4343 0707 2727 1111 4747 1725 0707
sha3 , 1313 4951 4343 0707 2127 1111 4949 1515 0711
sha4 , 1313 3739 4143 0707 2727 1111 4751 1515 1111
sha5 , 1313 3535 4343 0707 2727 1111 5355 1525 0709
sha6 , 1515 3335 4351 0707 2727 1111 5353 4143 0707
sha7 , 1515 3335 4343 0707 2527 1111 4751 2325 0911
sha8 , 1315 3335 4143 0707 2527 1111 5153 2537 0911
sha9 , 1315 3341 4345 0707 2327 1111 4953 1515 0709
sha10 , 1313 0000 4343 0707 2129 1111 4951 1717 0711
sha11 , 1313 3539 4343 0707 2527 1111 4951 1525 1111
sha12 , 1313 3739 5757 0707 2327 1111 5555 1717 0707
sha13 , 1315 3537 5757 0707 2527 1111 5151 1717 1111
sha14 , 1515 3537 4345 0707 2527 1111 4547 1725 0707
sha15 , 1515 3539 4345 0707 2929 1111 4547 1725 0707
sha16 , 1113 3741 4953 0909 2127 1111 5355 1727 0711
sha17 , 1113 3137 4143 0709 2327 1111 4951 1515 1111
sha18 , 1313 3539 4351 0909 2727 1111 5155 1727 0911
sha19 , 1313 3739 4359 0909 2727 1111 5353 2727 0711
sha20 , 1313 3137 4347 0909 2727 1111 5155 1515 0707
sha21 , 1313 2737 5151 0909 2527 1111 4747 1515 0909
sha22 , 1515 3537 4343 0909 2327 1111 4547 2729 0709
sha23 , 1313 3737 4343 0909 2727 1111 4751 1515 1111
sha24 , 1313 2537 4343 0909 2727 1111 4751 1515 0709
sha25 , 1313 3737 4343 0713 2727 1111 4949 1515 0909
sha26 , 1315 3537 5555 0909 2527 1111 5555 1515 0709
sha27 , 1313 3131 4343 0909 2727 1111 5151 1717 1111
pop         
JX1 , 1515 3539 4949 1111 2327 1111 5151 0000 0909
JX2 , 1113 3739 4343 0909 0000 1111 5153 1717 0709
JX3 , 1313 3739 4143 0909 2727 1111 5153 1727 0909
JX4 , 1313 1735 4345 0909 2527 1111 5353 1727 0711
JX5 , 1313 1717 4545 0307 2727 1111 4949 1717 1111
JX6 , 1313 3539 4549 0909 0000 1111 5353 2727 1111
JX7 , 1313 3739 4545 0709 2127 1111 5151 1717 0909
JX8 , 1313 5153 4545 0909 2127 1111 5353 1717 0707
JX9 , 1515 2531 4351 0909 2323 1111 5153 1721 0713
JX10 , 1113 3737 4347 0913 2327 1111 5353 1717 0709
JX11 , 1111 3131 4747 0909 2323 1111 4545 1919 0505
JX12 , 1313 3739 4143 0909 2527 1111 5151 1717 0707
JX13 , 1313 3737 4949 0911 2727 1111 5151 1919 0909
JX14 , 1313 5557 4343 0909 2727 1111 5353 2727 0909
JX15 , 1313 1737 4749 0913 2727 1113 5153 2727 0711
JX16 , 1115 3941 4343 0909 2729 1111 5353 1515 0911
JX17 , 1313 3941 4547 0909 2327 1111 5151 1717 0909
JX18 , 1313 3739 4345 0909 2727 1111 5151 1725 1111
JX19 , 1313 4547 5353 0909 2525 1111 4951 1725 0509
JX20 , 1313 4143 4747 0909 2727 1111 5151 1717 0911
pop         
XG1 , 1519 3535 4749 0909 2727 1111 4751 1515 0707
XG2 , 1313 3939 4545 0909 2727 1111 4751 1717 0707
XG3 , 1313 2727 4545 0909 2323 1111 4951 1515 1111
XG4 , 1313 3945 4343 0909 2727 1111 5151 1717 0707
XG5 , 1313 3535 4545 0909 2323 1111 5353 2525 0713
XG6 , 1313 4949 4753 0909 2727 1113 5561 1717 0909
XG7 , 1313 2525 4747 0909 2727 1111 4753 1515 0707
XG8 , 1113 3535 4343 0909 2327 1111 5153 1515 0709
XG9 , 1313 3535 4545 0909 2327 1111 5159 1515 0707
XG10 , 1313 4141 4549 0709 2527 1111 4951 1515 0711
XG11 , 1313 3537 4545 0505 2729 0909 5153 1515 0707
XG12 , 1315 1717 4545 0909 2727 1111 4949 1515 0911
XG13 , 1315 3535 5555 0909 2727 1111 5353 1515 0709
XG14 , 1313 3939 4545 0909 2727 1111 4749 1515 0909
XG15 , 1313 1935 4343 0909 2727 1111 5151 1313 0909
XG16 , 1313 3553 4347 0909 2727 1111 5353 1717 1111
pop         
ZWY1 , 1111 3535 4349 0707 2527 1111 5353 1741 0909
ZWY2 , 1313 2935 4545 0909 2527 1111 5353 1541 0711
ZWY3 , 1313 5151 4343 0309 2325 1111 5757 1717 0709
ZWY4 , 1313 3543 4555 0909 2729 1111 5353 1717 1111
ZWY5 , 1313 3939 4343 0509 2525 1111 5353 1515 0909
ZWY6 , 1313 3737 4343 0709 2323 1111 5353 1515 4147
ZWY7 , 1111 3737 4145 0505 2527 1111 5355 1727 0709
ZWY8 , 0109 1333 0000 0909 0101 0101 4549 3131 4747
ZWY9 , 1313 2929 4747 0909 2727 1111 5151 1717 0707
ZWY10 , 1113 1725 4345 0709 2727 1113 5357 1541 0909
ZWY11 , 1313 2139 4547 0307 2727 1111 5357 1527 0707
ZWY12 , 1527 3737 4951 0707 2729 1111 5353 1325 1111
ZWY13 , 1313 3749 4749 0303 2727 1111 5353 1729 0909
ZWY14 , 1313 4747 4545 0909 2729 1111 5353 1515 0707
ZWY15 , 1315 1739 4343 0505 2731 1111 5353 1727 0711
pop         
DHS1 , 1515 4143 3741 0709 2527 1111 5353 1717 0709
DHS2 , 1313 2929 4345 0303 2727 1111 5151 1515 0711
DHS3 , 1317 4143 4145 0909 2727 1111 5151 1515 0707
DHS4 , 1313 2539 4757 0709 2727 1111 5151 1517 0909
DHS5 , 1313 3739 4343 0509 2121 1111 5155 1515 0707
DHS6 , 1315 3547 2541 0307 2529 1111 5151 1515 0707
DHS7 , 1315 3739 3757 0507 2527 1111 5151 1515 0711
DHS8 , 1111 4147 4143 0509 2727 1113 5555 1515 0711
DHS9 , 1313 3939 4545 0505 2727 1111 5353 1717 0909
DHS10 , 1313 3939 4347 0507 2727 1111 4951 1515 0711
DHS11 , 1113 3945 4157 0709 2727 1111 5151 1515 0711
DHS12 , 1313 3537 5565 0505 2727 1111 5155 1515 0511
DHS13 , 1313 3737 0507 0109 2327 1111 4949 1515 0707
DHS14 , 1515 2525 0507 0707 2727 1111 5151 1515 0909
DHS15 , 1113 3741 0305 0707 2325 1111 5151 1517 0707
DHS16 , 1313 3739 0103 0305 2527 0911 5151 1517 0309
DHS17 , 1515 2525 0507 0307 2727 1111 5353 1515 0505
DHS18 , 1315 3939 0709 0707 2727 1111 5157 1731 0507
DHS19 , 1313 3943 1113 0505 2727 1111 5151 1533 0507
DHS20 , 1313 3341 0911 0909 2727 1111 0000 1525 0513
DHS21 , 1313 1937 0509 0505 2727 1111 5151 1727 0511
DHS22 , 1313 3741 0709 0507 2727 1111 5555 1515 1111
DHS23 , 1315 3547 0507 0507 2327 1111 5353 1517 0511
DHS24 , 1315 3355 0103 0709 2727 1111 5353 0000 0309
pop         
HN1 , 1313 2737 4343 0913 2327 1111 4953 1515 1111
HN2 , 1323 2125 5353 0911 1721 1111 5153 1117 0000
HN3 , 1313 3141 4545 0909 2727 1111 4949 1515 1111
HN4 , 1717 2537 4345 1313 2727 1111 4953 1717 1111
HN5 , 1313 3141 4545 0909 2727 1111 4949 1515 1111
HN6 , 1313 3155 4547 0913 2727 1111 4949 1717 0711
HN7 , 1313 2939 4547 0909 2727 1111 5151 1525 0711
HN8 , 1313 2939 4547 0709 2327 1111 5153 1725 0707
HN9 , 1313 4147 3943 0707 2727 1111 5151 1549 1111
HN10 , 1113 3537 4161 0305 2327 1111 5151 4347 0505
HN11 , 1515 3557 4555 0909 2323 1111 5151 1525 0911
HN12 , 1313 4141 4747 0909 2327 1111 5151 1535 0511
HN13 , 1315 2737 4347 0307 0123 1111 5151 1515 0509
HN14 , 1315 3737 4147 0709 2727 1111 5151 1515 0709
HN15 , 1313 1919 4747 0307 0123 1111 5151 1515 0511
HN16 , 1315 1925 4353 0507 2527 1111 5153 1515 0000
HN17 , 1315 3549 4953 0507 2727 1111 5151 1515 0711
HN18 , 1313 3133 4347 0707 2727 1111 5151 1551 0911
HN19 , 1313 2535 4143 0709 2527 1111 5353 1551 0909
HN20 , 1113 1935 4547 0517 2727 1111 4753 2543 1111
pop         
SD1 , 1515 3535 4747 0000 2323 1111 5555 1717 0507
SD2 , 1313 5555 4545 0909 2727 1111 4951 5151 1111
SD3 , 1313 3939 4755 0909 2527 1111 4749 1717 0711
SD4 , 0911 3137 0317 0307 0101 0101 0101 1729 5151
SD5 , 1313 3137 4545 0909 2329 0101 4953 1717 0711
SD6 , 1315 3539 4155 0913 2727 0101 5357 1515 0711
SD7 , 1515 3737 4949 0909 2327 0101 5151 1515 0909
SD8 , 1113 1733 4547 0909 2727 0115 4747 1525 0909
SD9 , 1515 1933 4351 0307 2929 1111 4751 1717 0000
SD10 , 1113 1935 4351 0909 2327 1111 4951 1515 0911
SD13 , 0707 3131 0505 0507 0101 0101 0303 2131 4747
SD14 , 1515 2951 3349 0909 2727 1111 4949 1525 0911
SD15 , 1111 3131 5151 0909 2727 1111 5151 1717 0707
SD16 , 1313 1739 4345 0709 2729 1113 4753 1717 0911
SD17 , 1313 3537 4345 0909 2727 1111 4953 1717 0909
SD18 , 1113 3947 3351 0909 2727 1111 5161 1717 0709
SD19 , 1115 3741 4351 0909 2327 1111 4761 1717 1111
SD20 , 1313 3739 4951 0909 2727 1111 5153 1515 0707
pop         
NN1 , 1315 2531 5157 0909 2727 1111 5353 1315 0507
NN2 , 1315 1923 5157 0509 2727 1111 5353 1515 0909
NN3 , 1113 2323 5157 0709 2527 1111 5353 1515 0709
NN4 , 1113 3537 4345 0709 2327 1111 5353 1315 0709
NN5 , 1113 2323 4345 0909 2727 1111 5353 1919 0707
NN6 , 1113 0323 4343 0505 2727 1111 5153 1515 0911
NN7 , 0713 0101 4545 0509 2727 1111 5353 1515 0707
NN8 , 1113 1923 4145 0509 2727 1111 5353 1517 0711
NN9 , 1113 2331 4557 0707 3543 1111 5353 1717 0507
NN10 , 0713 2323 4545 0709 2727 1111 5353 1531 0909
NN11 , 1113 2323 4345 0507 2929 1111 5353 1527 0911
NN12 , 1113 2331 4345 0305 2327 1111 5353 1527 0711
NN13 , 1313 2123 4547 0709 1921 1111 5353 1515 0909
NN14 , 1315 2331 4151 0709 2727 1111 5353 1515 0707
NN15 , 0713 3941 5961 0315 2527 1111 5353 2525 0507
NN16 , 1313 3537 4143 0709 2327 1111 5353 1525 0507
NN17 , 0713 3333 5355 0707 2931 1111 5355 1315 0709
NN18 , 1313 2329 4561 0303 2727 1111 5353 2533 0507
NN19 , 0713 2941 4561 0311 2527 1111 5353 2325 0305
pop         
DA1 , 1115 2729 1921 1315 2325 1111 4955 4345 0505
DA2 , 1111 2525 4141 1315 2323 1111 5353 1743 0105
DA3 , 1111 2539 0521 1111 2331 1313 5151 2945 0707
DA4 , 1113 2727 4559 1515 2121 1111 5153 5151 0721
DA5 , 1111 2325 0515 1319 2325 1111 5151 2939 0707
DA6 , 1111 2331 4751 0917 2323 1111 5151 4345 0507
DA7 , 1113 2929 3743 1119 2323 1111 4951 2941 0713
DA8 , 1111 3131 5555 0715 2323 1111 4951 4747 0107
DA9 , 1111 2329 0723 1313 2323 1111 5151 6161 0707
DA10 , 1113 2329 2135 1717 2325 1111 4953 3967 0721
DA11 , 1113 2323 2323 2323 2727 1111 5151 0133 0909
DA12 , 1515 0000 1517 1519 2323 1111 4953 6161 0505
DA13 , 1113 2531 1337 1115 2525 1111 4951 6161 0505
DA14 , 1111 1731 3745 1313 2327 1111 4953 4751 0505
DA15 , 1111 2533 1521 0909 2323 1111 4951 4949 0707
DA16 , 1111 2327 3939 0707 2727 1111 4949 6363 0707
DA17 , 1111 3535 3939 0909 0000 1111 0000 6161 0707
DA18 , 1111 2527 1925 0915 2323 1111 5355 6175 0707
DA19 , 1111 2525 2121 1313 2325 1111 5151 7171 1517
pop         
WN1 , 1111 2531 3749 0909 2323 1111 5353 4767 0707
WN2 , 1111 2729 3751 0709 2527 1115 5359 3339 0101
WN3 , 1111 2525 5555 0909 2323 1111 5557 4949 0707
WN4 , 1113 2123 3737 0709 2325 1111 6161 2941 0707
WN5 , 1111 2525 3737 0909 2525 1111 6161 3939 0707
WN6 , 1111 2929 3333 0707 2525 1111 5555 4949 0505
WN7 , 1111 2127 3745 0709 2325 1111 5353 4145 0707
WN8 , 1111 1927 5757 0909 2325 1111 5161 4949 0707
WN9 , 1111 2325 4951 0707 2123 1111 5353 3951 0707
WN10 , 1111 2525 3753 0707 2929 1111 6365 1541 0707
